1 0.004806995391845703
1 0.003317117691040039
1 0.003565073013305664
1 0.0035429000854492188
1 0.003930807113647461
1 0.003818988800048828
1 0.00528407096862793
1 0.0038950443267822266
1 0.003351926803588867
1 0.0034949779510498047
1 0.0032999515533447266
1 0.00335693359375
1 0.003943204879760742
1 0.0033631324768066406
1 0.0032749176025390625
1 0.004406929016113281
1 0.0033769607543945312
1 0.0031821727752685547
1 0.0033681392669677734
1 0.003214120864868164
1 0.00341796875
1 0.0033071041107177734
1 0.0031609535217285156
1 0.003738880157470703
1 0.0034699440002441406
1 0.003984212875366211
1 0.0033020973205566406
1 0.0033447742462158203
1 0.0033538341522216797
1 0.0038509368896484375
1 0.0033409595489501953
1 0.0032210350036621094
1 0.0035009384155273438
1 0.003757953643798828
1 0.004311084747314453
1 0.003749847412109375
1 0.0033338069915771484
1 0.0032770633697509766
1 0.003316164016723633
1 0.004685163497924805
1 0.003591775894165039
1 0.003537893295288086
1 0.003904104232788086
1 0.004591941833496094
1 0.003325939178466797
1 0.003192901611328125
1 0.003217935562133789
1 0.0031709671020507812
1 0.003239870071411133
1 0.003322124481201172
1 0.003359079360961914
1 0.0032129287719726562
1 0.003228902816772461
1 0.0035126209259033203
1 0.00335693359375
1 0.003612995147705078
1 0.003278017044067383
1 0.0031180381774902344
1 0.004405021667480469
1 0.0036439895629882812
1 0.003483295440673828
1 0.0033440589904785156
1 0.0036988258361816406
1 0.003537893295288086
1 0.003358125686645508
1 0.003721952438354492
1 0.0036690235137939453
1 0.0051898956298828125
1 0.0039539337158203125
1 0.004184246063232422
1 0.003942728042602539
1 0.0044209957122802734
1 0.004022121429443359
1 0.003952980041503906
1 0.003877878189086914
1 0.005368947982788086
1 0.004670143127441406
1 0.004071235656738281
1 0.004584074020385742
1 0.0035247802734375
1 0.0031218528747558594
1 0.0035469532012939453
1 0.0034008026123046875
1 0.003955841064453125
1 0.003314971923828125
1 0.0030689239501953125
1 0.0033049583435058594
1 0.0030210018157958984
1 0.0032219886779785156
1 0.003997087478637695
1 0.003407001495361328
1 0.003046274185180664
1 0.0033981800079345703
1 0.004612922668457031
1 0.0036330223083496094
1 0.0032439231872558594
1 0.003201007843017578
1 0.0034182071685791016
1 0.0040667057037353516
1 0.00307393074035644532 0.005388021469116211
2 0.004487752914428711
2 0.004069805145263672
2 0.004026889801025391
2 0.00423121452331543
2 0.004501819610595703
2 0.004247188568115234
2 0.004196882247924805
2 0.0040781497955322266
2 0.0040972232818603516
2 0.004019975662231445
2 0.0046389102935791016
2 0.004601001739501953
2 0.006682157516479492
2 0.00668787956237793
2 0.004199028015136719
2 0.0042591094970703125
2 0.00674891471862793
2 0.004570960998535156
2 0.004813194274902344
2 0.006059885025024414
2 0.0048177242279052734
2 0.0050351619720458984
2 0.005546092987060547
2 0.00491023063659668
2 0.004647254943847656
2 0.004833221435546875
2 0.00802302360534668
2 0.0054590702056884766
2 0.007596015930175781
2 0.006265878677368164
2 0.0062749385833740234
2 0.004199028015136719
2 0.0047991275787353516
2 0.005951881408691406
2 0.004952907562255859
2 0.005864143371582031
2 0.005674839019775391
2 0.004881858825683594
2 0.004514932632446289
2 0.0043811798095703125
2 0.005933046340942383
2 0.004356861114501953
2 0.004197835922241211
2 0.0044841766357421875
2 0.004182100296020508
2 0.0040509700775146484
2 0.0044858455657958984
2 0.0047948360443115234
2 0.004247188568115234
2 0.004046201705932617
2 0.004452705383300781
2 0.004927158355712891
2 0.004157066345214844
2 0.003912925720214844
2 0.003918886184692383
2 0.00529789924621582
2 0.004669904708862305
2 0.0038988590240478516
2 0.0042040348052978516
2 0.0053670406341552734
2 0.0040361881256103516
2 0.0042040348052978516
2 0.004441022872924805
2 0.004884958267211914
2 0.004145145416259766
2 0.004296302795410156
2 0.005097150802612305
2 0.00466609001159668
2 0.004420042037963867
2 0.003986835479736328
2 0.004448890686035156
2 0.004269123077392578
2 0.004164934158325195
2 0.004160881042480469
2 0.004289150238037109
2 0.004185199737548828
2 0.004166126251220703
2 0.005565166473388672
2 0.004897117614746094
2 0.004250764846801758
2 0.004133701324462891
2 0.004430055618286133
2 0.004799365997314453
2 0.0039789676666259766
2 0.004790067672729492
2 0.003929853439331055
2 0.004189252853393555
2 0.003364086151123047
2 0.004347801208496094
2 0.004169940948486328
2 0.004922151565551758
2 0.004728078842163086
2 0.0032880306243896484
2 0.005352973937988281
2 0.004275798797607422
2 0.004860877990722656
2 0.0049381256103515625
2 0.00513005256652832
2 0.00521492958068847663 0.010307073593139648
3 0.008754968643188477
3 0.008765935897827148
3 0.0065038204193115234
3 0.003937959671020508
3 0.008394002914428711
3 0.0077931880950927734
3 0.008316993713378906
3 0.006994962692260742
3 0.009462118148803711
3 0.008172035217285156
3 0.006268978118896484
3 0.0071868896484375
3 0.006036996841430664
3 0.00811910629272461
3 0.006460905075073242
3 0.005445957183837891
3 0.006237983703613281
3 0.006089210510253906
3 0.008068084716796875
3 0.004216909408569336
3 0.008332967758178711
3 0.007615804672241211
3 0.005421638488769531
3 0.00787496566772461
3 0.00757288932800293
3 0.009265899658203125
3 0.011504173278808594
3 0.010488748550415039
3 0.00843191146850586
3 0.007786989212036133
3 0.007472038269042969
3 0.008059024810791016
3 0.011796951293945312
3 0.006825923919677734
3 0.009664773941040039
3 0.00719904899597168
3 0.00950479507446289
3 0.008183002471923828
3 0.008394956588745117
3 0.006034135818481445
3 0.007600069046020508
3 0.012257814407348633
3 0.010840177536010742
3 0.009659051895141602
3 0.010221719741821289
3 0.007859945297241211
3 0.006762027740478516
3 0.009063005447387695
3 0.008579015731811523
3 0.006136655807495117
3 0.008545160293579102
3 0.0099029541015625
3 0.003895998001098633
3 0.006442070007324219
3 0.00864410400390625
3 0.007166862487792969
3 0.007290840148925781
3 0.010754823684692383
3 0.013750791549682617
3 0.0076100826263427734
3 0.004831075668334961
3 0.008587121963500977
3 0.009435892105102539
3 0.006939888000488281
3 0.008462905883789062
3 0.0074748992919921875
3 0.008033990859985352
3 0.007718801498413086
3 0.010628938674926758
3 0.007074832916259766
3 0.010843992233276367
3 0.009289979934692383
3 0.00926518440246582
3 0.010283708572387695
3 0.005608081817626953
3 0.006349086761474609
3 0.008314847946166992
3 0.006604194641113281
3 0.009199142456054688
3 0.0058557987213134766
3 0.007980108261108398
3 0.004157066345214844
3 0.006458759307861328
3 0.00599980354309082
3 0.008138895034790039
3 0.008350133895874023
3 0.007385969161987305
3 0.009276151657104492
3 0.003944873809814453
3 0.009247779846191406
3 0.008116960525512695
3 0.009248018264770508
3 0.008378267288208008
3 0.007815122604370117
3 0.005066871643066406
3 0.0066509246826171875
3 0.008197307586669922
3 0.006926059722900391
3 0.0087177753448486334 0.026787996292114258
4 0.02952289581298828
4 0.020390987396240234
4 0.032176971435546875
4 0.027760982513427734
4 0.02841806411743164
4 0.01998114585876465
4 0.00405573844909668
4 0.01771712303161621
4 0.03290700912475586
4 0.0232698917388916
4 0.04037284851074219
4 0.03133392333984375
4 0.024547815322875977
4 0.0345759391784668
4 0.03086090087890625
4 0.032125234603881836
4 0.008928060531616211
4 0.02504587173461914
4 0.04153108596801758
4 0.01746368408203125
4 0.00998997688293457
4 0.021110057830810547
4 0.017030954360961914
4 0.025421857833862305
4 0.04225420951843262
4 0.025057077407836914
4 0.015181779861450195
4 0.01575303077697754
4 0.03227496147155762
4 0.021212100982666016
4 0.0263369083404541
4 0.024160146713256836
4 0.018459081649780273
4 0.022912979125976562
4 0.03328204154968262
4 0.028232812881469727
4 0.0321500301361084
4 0.006922006607055664
4 0.01873493194580078
4 0.02919793128967285
4 0.017579078674316406
4 0.004222869873046875
4 0.01660895347595215
4 0.03334617614746094
4 0.022661924362182617
4 0.01698470115661621
4 0.01230621337890625
4 0.020392894744873047
4 0.018977880477905273
4 0.05170893669128418
4 0.014010906219482422
4 0.03185009956359863
4 0.026353836059570312
4 0.024727821350097656
4 0.02349686622619629
4 0.03949904441833496
4 0.026523828506469727
4 0.03146696090698242
4 0.021970272064208984
4 0.020381927490234375
4 0.03525185585021973
4 0.032093048095703125
4 0.034944772720336914
4 0.025441884994506836
4 0.01998114585876465
4 0.012068033218383789
4 0.032466888427734375
4 0.02333807945251465
4 0.015672922134399414
4 0.020203828811645508
4 0.03398394584655762
4 0.03435707092285156
4 0.03467082977294922
4 0.02572488784790039
4 0.028081178665161133
4 0.015946388244628906
4 0.02416825294494629
4 0.0321352481842041
4 0.02416515350341797
4 0.011393070220947266
4 0.03932523727416992
4 0.021034955978393555
4 0.015198945999145508
4 0.0234529972076416
4 0.02412891387939453
4 0.02972888946533203
4 0.029533863067626953
4 0.03394889831542969
4 0.026782989501953125
4 0.025163650512695312
4 0.022387981414794922
4 0.02142190933227539
4 0.006803989410400391
4 0.055753231048583984
4 0.01650524139404297
4 0.01722884178161621
4 0.004734039306640625
4 0.02473926544189453
4 0.0207691192626953125 0.0638740062713623
5 0.005706071853637695
5 0.009439945220947266
5 0.018400907516479492
5 0.10184407234191895
5 0.06873202323913574
5 0.017805099487304688
5 0.0805521011352539
5 0.0803840160369873
5 0.06514406204223633
5 0.06975698471069336
5 0.038065195083618164
5 0.09249591827392578
5 0.051149845123291016
5 0.04222512245178223
5 0.023967981338500977
5 0.06947684288024902
5 0.06894278526306152
5 0.09998226165771484
5 0.09697604179382324
5 0.13452792167663574
5 0.1046750545501709
5 0.050631046295166016
5 0.09077620506286621
5 0.12833595275878906
5 0.01833176612854004
5 0.10127997398376465
5 0.06243014335632324
5 0.06124734878540039
5 0.03339576721191406
5 0.0830690860748291
5 0.15627694129943848
5 0.06046175956726074
5 0.07157206535339355
5 0.0616147518157959
5 0.07360696792602539
5 0.02532505989074707
5 0.12008500099182129
5 0.1093599796295166
5 0.06518125534057617
5 0.10923314094543457
5 0.15793919563293457
5 0.08359909057617188
5 0.1024007797241211
5 0.01658797264099121
5 0.1149439811706543
5 0.2485041618347168
5 0.09222888946533203
5 0.08247089385986328
5 0.07176709175109863
5 0.04180717468261719
5 0.07269477844238281
5 0.0662689208984375
5 0.05161285400390625
5 0.08147096633911133
5 0.0817880630493164
5 0.07082486152648926
5 0.07960295677185059
5 0.13464117050170898
5 0.09223341941833496
5 0.1470332145690918
5 0.12528371810913086
5 0.07386302947998047
5 0.04004096984863281
5 0.07265686988830566
5 0.08951807022094727
5 0.08616209030151367
5 0.11124205589294434
5 0.10081100463867188
5 0.14337706565856934
5 0.09464430809020996
5 0.04246997833251953
5 0.08770918846130371
5 0.09142708778381348
5 0.06534504890441895
5 0.018121004104614258
5 0.07145190238952637
5 0.09703397750854492
5 0.03905296325683594
5 0.07683300971984863
5 0.06599593162536621
5 0.08669686317443848
5 0.11904287338256836
5 0.0851287841796875
5 0.04567885398864746
5 0.050193071365356445
5 0.03417015075683594
5 0.056237220764160156
5 0.030270099639892578
5 0.07910513877868652
5 0.017601728439331055
5 0.0758659839630127
5 0.06204414367675781
5 0.007341861724853516
5 0.07347893714904785
5 0.07214164733886719
5 0.13567686080932617
5 0.03824901580810547
5 0.1168210506439209
5 0.05589127540588379