1 0.004663705825805664
1 0.0029489994049072266
1 0.0032203197479248047
1 0.003119230270385742
1 0.003120899200439453
1 0.0037369728088378906
1 0.003206014633178711
1 0.003081083297729492
1 0.0030891895294189453
1 0.003159046173095703
1 0.003165006637573242
1 0.0030448436737060547
1 0.0030660629272460938
1 0.0034732818603515625
1 0.003571033477783203
1 0.004186868667602539
1 0.003652811050415039
1 0.0043337345123291016
1 0.0033609867095947266
1 0.003416776657104492
1 0.005402803421020508
1 0.003355741500854492
1 0.0032219886779785156
1 0.0036411285400390625
1 0.00481104850769043
1 0.0032660961151123047
1 0.003280162811279297
1 0.0030460357666015625
1 0.003426074981689453
1 0.0032248497009277344
1 0.0031671524047851562
1 0.003173828125
1 0.003155946731567383
1 0.003670930862426758
1 0.004196882247924805
1 0.0034198760986328125
1 0.003214120864868164
1 0.0032939910888671875
1 0.003332853317260742
1 0.0032808780670166016
1 0.003061056137084961
1 0.0031709671020507812
1 0.0034270286560058594
1 0.004589080810546875
1 0.0035839080810546875
1 0.003245830535888672
1 0.004178762435913086
1 0.0034477710723876953
1 0.005471944808959961
1 0.003364086151123047
1 0.0031397342681884766
1 0.003348827362060547
1 0.0032062530517578125
1 0.003644227981567383
1 0.0033011436462402344
1 0.0031828880310058594
1 0.0032210350036621094
1 0.004391908645629883
1 0.003386259078979492
1 0.003233194351196289
1 0.003214120864868164
1 0.0032503604888916016
1 0.00372314453125
1 0.003789186477661133
1 0.0038290023803710938
1 0.003287792205810547
1 0.004228115081787109
1 0.0038881301879882812
1 0.0038139820098876953
1 0.0034461021423339844
1 0.0036249160766601562
1 0.0034003257751464844
1 0.003431081771850586
1 0.0038700103759765625
1 0.0034029483795166016
1 0.004424333572387695
1 0.003901958465576172
1 0.0036497116088867188
1 0.0036051273345947266
1 0.0035219192504882812
1 0.0033140182495117188
1 0.003287076950073242
1 0.003353118896484375
1 0.0034439563751220703
1 0.003332853317260742
1 0.00427699089050293
1 0.0033228397369384766
1 0.0032346248626708984
1 0.0031578540802001953
1 0.0032148361206054688
1 0.003304004669189453
1 0.003306865692138672
1 0.003097057342529297
1 0.0032100677490234375
1 0.003718137741088867
1 0.004124164581298828
1 0.00335693359375
1 0.003178119659423828
1 0.003365755081176758
1 0.00322794914245605472 0.0052318572998046875
2 0.004464864730834961
2 0.0043909549713134766
2 0.003206968307495117
2 0.003529071807861328
2 0.004646778106689453
2 0.00407719612121582
2 0.004065036773681641
2 0.003736257553100586
2 0.0037839412689208984
2 0.00418400764465332
2 0.004323005676269531
2 0.004079103469848633
2 0.0061550140380859375
2 0.004755973815917969
2 0.004456758499145508
2 0.00493621826171875
2 0.0054759979248046875
2 0.004026889801025391
2 0.00480198860168457
2 0.004495859146118164
2 0.004318952560424805
2 0.0040400028228759766
2 0.0043909549713134766
2 0.0056247711181640625
2 0.00380706787109375
2 0.003930091857910156
2 0.004093170166015625
2 0.004540205001831055
2 0.004183053970336914
2 0.003416776657104492
2 0.004027843475341797
2 0.00502777099609375
2 0.0032482147216796875
2 0.003805875778198242
2 0.004367828369140625
2 0.004438161849975586
2 0.004575967788696289
2 0.004228115081787109
2 0.0047969818115234375
2 0.004359006881713867
2 0.004270076751708984
2 0.004022121429443359
2 0.005617856979370117
2 0.004615306854248047
2 0.004297971725463867
2 0.004189968109130859
2 0.0054018497467041016
2 0.0040340423583984375
2 0.004563808441162109
2 0.004376649856567383
2 0.004678964614868164
2 0.00410914421081543
2 0.004619121551513672
2 0.005331993103027344
2 0.00411677360534668
2 0.004174947738647461
2 0.004290103912353516
2 0.004049777984619141
2 0.004662990570068359
2 0.004457950592041016
2 0.0063018798828125
2 0.005486011505126953
2 0.004204750061035156
2 0.004224061965942383
2 0.004335165023803711
2 0.0039730072021484375
2 0.0042171478271484375
2 0.004122018814086914
2 0.0039017200469970703
2 0.004147052764892578
2 0.004761695861816406
2 0.003863096237182617
2 0.0056231021881103516
2 0.0044629573822021484
2 0.0043392181396484375
2 0.0038442611694335938
2 0.004608154296875
2 0.004113912582397461
2 0.0034728050231933594
2 0.0042018890380859375
2 0.004143238067626953
2 0.003899097442626953
2 0.00401616096496582
2 0.0065212249755859375
2 0.005102872848510742
2 0.0046999454498291016
2 0.004017829895019531
2 0.0050601959228515625
2 0.004289150238037109
2 0.004014015197753906
2 0.003986835479736328
2 0.005470991134643555
2 0.0040149688720703125
2 0.0040891170501708984
2 0.004202604293823242
2 0.004152059555053711
2 0.004884958267211914
2 0.004010915756225586
2 0.0050950050354003913 0.008076667785644531
3 0.0072231292724609375
3 0.007501840591430664
3 0.007391929626464844
3 0.00755000114440918
3 0.006652116775512695
3 0.00802469253540039
3 0.006789207458496094
3 0.008807182312011719
3 0.004008769989013672
3 0.0064678192138671875
3 0.007637977600097656
3 0.006953001022338867
3 0.006591081619262695
3 0.006637096405029297
3 0.007405996322631836
3 0.0076160430908203125
3 0.00728607177734375
3 0.0061168670654296875
3 0.004475116729736328
3 0.007272005081176758
3 0.00788569450378418
3 0.008114099502563477
3 0.006836891174316406
3 0.007194995880126953
3 0.005860805511474609
3 0.006241798400878906
3 0.006758213043212891
3 0.007633209228515625
3 0.0042841434478759766
3 0.008483171463012695
3 0.00846099853515625
3 0.004822969436645508
3 0.006899118423461914
3 0.008474111557006836
3 0.006806135177612305
3 0.007169008255004883
3 0.007868766784667969
3 0.007627964019775391
3 0.007581949234008789
3 0.0072290897369384766
3 0.008693933486938477
3 0.006620168685913086
3 0.00488591194152832
3 0.0070247650146484375
3 0.005470752716064453
3 0.009394168853759766
3 0.009129762649536133
3 0.006338834762573242
3 0.006376028060913086
3 0.007801055908203125
3 0.007890939712524414
3 0.007647037506103516
3 0.009112119674682617
3 0.0069730281829833984
3 0.006654024124145508
3 0.006300210952758789
3 0.0034341812133789062
3 0.004145145416259766
3 0.008965015411376953
3 0.00665593147277832
3 0.007233142852783203
3 0.006901979446411133
3 0.008237123489379883
3 0.008772850036621094
3 0.007091999053955078
3 0.007216930389404297
3 0.007108926773071289
3 0.008543014526367188
3 0.0068359375
3 0.008356809616088867
3 0.00670313835144043
3 0.007006168365478516
3 0.009183883666992188
3 0.0080108642578125
3 0.007131814956665039
3 0.004687070846557617
3 0.007747173309326172
3 0.005609989166259766
3 0.007982969284057617
3 0.007493257522583008
3 0.00769495964050293
3 0.006102800369262695
3 0.0058209896087646484
3 0.008849859237670898
3 0.007884979248046875
3 0.00796818733215332
3 0.006966114044189453
3 0.004942893981933594
3 0.007250308990478516
3 0.005117177963256836
3 0.007606983184814453
3 0.008259773254394531
3 0.0064389705657958984
3 0.005903005599975586
3 0.007056236267089844
3 0.008955955505371094
3 0.007776975631713867
3 0.007294416427612305
3 0.007457017898559574 0.006907939910888672
4 0.027367830276489258
4 0.014862060546875
4 0.03867197036743164
4 0.026810884475708008
4 0.02828502655029297
4 0.041056156158447266
4 0.013686180114746094
4 0.009849071502685547
4 0.013358831405639648
4 0.04044485092163086
4 0.005705833435058594
4 0.022003889083862305
4 0.02578902244567871
4 0.0167849063873291
4 0.029277801513671875
4 0.02584981918334961
4 0.021953105926513672
4 0.02334904670715332
4 0.03539299964904785
4 0.0198819637298584
4 0.023541927337646484
4 0.036653995513916016
4 0.023468971252441406
4 0.02854776382446289
4 0.020132780075073242
4 0.023749828338623047
4 0.006494998931884766
4 0.014693021774291992
4 0.03022003173828125
4 0.02269601821899414
4 0.017913818359375
4 0.02891707420349121
4 0.0318140983581543
4 0.029716014862060547
4 0.02297806739807129
4 0.02662181854248047
4 0.007863044738769531
4 0.028907060623168945
4 0.005527973175048828
4 0.02971196174621582
4 0.01931476593017578
4 0.02076411247253418
4 0.028902769088745117
4 0.020669937133789062
4 0.0357508659362793
4 0.0164639949798584
4 0.029552936553955078
4 0.02986001968383789
4 0.026219844818115234
4 0.019323110580444336
4 0.031987905502319336
4 0.031622886657714844
4 0.03653979301452637
4 0.03108382225036621
4 0.03385782241821289
4 0.007108926773071289
4 0.025589942932128906
4 0.03204703330993652
4 0.017210006713867188
4 0.02696514129638672
4 0.02463507652282715
4 0.03173398971557617
4 0.02347278594970703
4 0.023183822631835938
4 0.029850006103515625
4 0.02138209342956543
4 0.027642011642456055
4 0.016808032989501953
4 0.013793706893920898
4 0.005776166915893555
4 0.020540237426757812
4 0.02224111557006836
4 0.008320093154907227
4 0.021447181701660156
4 0.02588796615600586
4 0.030966997146606445
4 0.033804893493652344
4 0.01973414421081543
4 0.030598878860473633
4 0.01450800895690918
4 0.02355027198791504
4 0.007762908935546875
4 0.014222145080566406
4 0.007178068161010742
4 0.022958040237426758
4 0.01681685447692871
4 0.023337125778198242
4 0.026032686233520508
4 0.02598404884338379
4 0.018567800521850586
4 0.005927324295043945
4 0.021392107009887695
4 0.025687217712402344
4 0.01842498779296875
4 0.01992011070251465
4 0.03175806999206543
4 0.02522897720336914
4 0.03380298614501953
4 0.0278339385986328125 0.191878080368042
5 0.054682016372680664
5 0.05577802658081055
5 0.12764310836791992
5 0.13267898559570312
5 0.014772891998291016
5 0.022898197174072266
5 0.010998964309692383
5 0.03747200965881348
5 0.05971407890319824
5 0.09341287612915039
5 0.055373191833496094
5 0.04484105110168457
5 0.08265900611877441
5 0.12381911277770996
5 0.04510378837585449
5 0.05897808074951172
5 0.07811498641967773
5 0.03607487678527832
5 0.040274858474731445
5 0.10814285278320312
5 0.05736398696899414
5 0.09740328788757324
5 0.020217180252075195
5 0.03884291648864746
5 0.13209986686706543
5 0.0681920051574707
5 0.061675071716308594
5 0.10724687576293945
5 0.06431913375854492
5 0.01296377182006836
5 0.08337593078613281
5 0.0664219856262207
5 0.03170609474182129
5 0.0528261661529541
5 0.12247824668884277
5 0.06099820137023926
5 0.03899979591369629
5 0.051306962966918945
5 0.14079594612121582
5 0.09293007850646973
5 0.07255983352661133
5 0.008430957794189453
5 0.07711911201477051
5 0.10048198699951172
5 0.08298707008361816
5 0.07091879844665527
5 0.04284214973449707
5 0.1272120475769043
5 0.03325796127319336
5 0.05894207954406738
5 0.033187150955200195
5 0.05752301216125488
5 0.018174171447753906
5 0.05698990821838379
5 0.11178398132324219
5 0.05102682113647461
5 0.08324980735778809
5 0.03722119331359863
5 0.06351900100708008
5 0.09269380569458008
5 0.09269213676452637
5 0.19938302040100098
5 0.11819791793823242
5 0.09338998794555664
5 0.04849100112915039
5 0.03359484672546387
5 0.07247114181518555
5 0.2913668155670166
5 0.025445938110351562
5 0.041404008865356445
5 0.1680290699005127
5 0.07447695732116699
5 0.14180302619934082
5 0.027400970458984375
5 0.13050389289855957
5 0.10206484794616699
5 0.08787202835083008
5 0.07611489295959473
5 0.08728408813476562
5 0.08421087265014648
5 0.10471487045288086
5 0.008729934692382812
5 0.12375593185424805
5 0.08588314056396484
5 0.0423588752746582
5 0.13059401512145996
5 0.043747663497924805
5 0.06955409049987793
5 0.07387375831604004
5 0.08688116073608398
5 0.03674006462097168
5 0.0343019962310791
5 0.06901216506958008
5 0.08997082710266113
5 0.0791158676147461
5 0.12750983238220215
5 0.08178400993347168
5 0.11069607734680176
5 0.04188990592956543