1 0.003276824951171875
1 0.0032329559326171875
1 0.0034019947052001953
1 0.0032608509063720703
1 0.0030829906463623047
1 0.003052949905395508
1 0.003034830093383789
1 0.003165006637573242
1 0.0040740966796875
1 0.0036287307739257812
1 0.003147125244140625
1 0.003185749053955078
1 0.0031931400299072266
1 0.0042459964752197266
1 0.005888938903808594
1 0.004768848419189453
1 0.003278970718383789
1 0.0040073394775390625
1 0.003316164016723633
1 0.0032079219818115234
1 0.0032258033752441406
1 0.0032830238342285156
1 0.003426790237426758
1 0.0045468807220458984
1 0.003242015838623047
1 0.003248929977416992
1 0.0032341480255126953
1 0.004190206527709961
1 0.0033609867095947266
1 0.0033550262451171875
1 0.0033028125762939453
1 0.0032150745391845703
1 0.0036580562591552734
1 0.0038552284240722656
1 0.003378152847290039
1 0.003345966339111328
1 0.003400087356567383
1 0.0042879581451416016
1 0.0032987594604492188
1 0.0033359527587890625
1 0.0033521652221679688
1 0.0034379959106445312
1 0.003821134567260742
1 0.0036590099334716797
1 0.004041910171508789
1 0.0041351318359375
1 0.0047740936279296875
1 0.0034101009368896484
1 0.0033762454986572266
1 0.0032858848571777344
1 0.0033299922943115234
1 0.003309011459350586
1 0.003534078598022461
1 0.0033860206604003906
1 0.0032389163970947266
1 0.004478931427001953
1 0.003526926040649414
1 0.0032677650451660156
1 0.0033719539642333984
1 0.0036602020263671875
1 0.003426074981689453
1 0.003283262252807617
1 0.0033273696899414062
1 0.0035169124603271484
1 0.0034019947052001953
1 0.004033088684082031
1 0.003371000289916992
1 0.0033779144287109375
1 0.003191709518432617
1 0.003465890884399414
1 0.003468036651611328
1 0.0034630298614501953
1 0.003186941146850586
1 0.003648042678833008
1 0.004125833511352539
1 0.003288745880126953
1 0.0031952857971191406
1 0.0032329559326171875
1 0.003390789031982422
1 0.003201007843017578
1 0.0033440589904785156
1 0.0034182071685791016
1 0.003343820571899414
1 0.004099845886230469
1 0.00516200065612793
1 0.004659891128540039
1 0.004026889801025391
1 0.0037689208984375
1 0.0034797191619873047
1 0.0033850669860839844
1 0.0032422542572021484
1 0.0034160614013671875
1 0.003921031951904297
1 0.0035886764526367188
1 0.0032341480255126953
1 0.003210783004760742
1 0.0032181739807128906
1 0.003393888473510742
1 0.0032210350036621094
1 0.00329279899597167972 0.0055141448974609375
2 0.0037648677825927734
2 0.0040760040283203125
2 0.004282951354980469
2 0.0042421817779541016
2 0.004157066345214844
2 0.004161834716796875
2 0.003625154495239258
2 0.004951000213623047
2 0.0039598941802978516
2 0.0042879581451416016
2 0.004658937454223633
2 0.006323814392089844
2 0.004511117935180664
2 0.004346132278442383
2 0.005159139633178711
2 0.004801750183105469
2 0.004584789276123047
2 0.0036580562591552734
2 0.005854129791259766
2 0.0037479400634765625
2 0.003545999526977539
2 0.003957033157348633
2 0.0037841796875
2 0.004559040069580078
2 0.0036439895629882812
2 0.0042111873626708984
2 0.004465341567993164
2 0.004348278045654297
2 0.0034952163696289062
2 0.0038869380950927734
2 0.005133628845214844
2 0.004321098327636719
2 0.004143953323364258
2 0.004736900329589844
2 0.004909992218017578
2 0.004540920257568359
2 0.0034508705139160156
2 0.0036292076110839844
2 0.006500959396362305
2 0.004109859466552734
2 0.004453182220458984
2 0.005440950393676758
2 0.004478931427001953
2 0.0045740604400634766
2 0.005195140838623047
2 0.0044078826904296875
2 0.003582000732421875
2 0.0039348602294921875
2 0.0033860206604003906
2 0.004390239715576172
2 0.004210233688354492
2 0.003911018371582031
2 0.004094123840332031
2 0.005104780197143555
2 0.004486799240112305
2 0.00391697883605957
2 0.005813121795654297
2 0.004636049270629883
2 0.005197048187255859
2 0.004082918167114258
2 0.00522303581237793
2 0.00461888313293457
2 0.003292083740234375
2 0.005056858062744141
2 0.004979848861694336
2 0.003960132598876953
2 0.004026174545288086
2 0.00449681282043457
2 0.005080699920654297
2 0.004199028015136719
2 0.0046880245208740234
2 0.005218029022216797
2 0.004127979278564453
2 0.004111051559448242
2 0.005002021789550781
2 0.004124879837036133
2 0.004264116287231445
2 0.004409074783325195
2 0.004349946975708008
2 0.0046999454498291016
2 0.004426002502441406
2 0.005629062652587891
2 0.005900859832763672
2 0.004225015640258789
2 0.004266977310180664
2 0.005835056304931641
2 0.003525972366333008
2 0.004397869110107422
2 0.0040798187255859375
2 0.004424095153808594
2 0.004299163818359375
2 0.0034508705139160156
2 0.0043561458587646484
2 0.004361152648925781
2 0.005170106887817383
2 0.0040569305419921875
2 0.0038352012634277344
2 0.0055539608001708984
2 0.00445199012756347663 0.013216018676757812
3 0.013365983963012695
3 0.004409074783325195
3 0.012328147888183594
3 0.006201267242431641
3 0.009453058242797852
3 0.010452032089233398
3 0.01839280128479004
3 0.010895252227783203
3 0.011074066162109375
3 0.014556884765625
3 0.00800013542175293
3 0.00869607925415039
3 0.005746126174926758
3 0.008908987045288086
3 0.01219487190246582
3 0.010727882385253906
3 0.010031700134277344
3 0.017149925231933594
3 0.008056879043579102
3 0.0068569183349609375
3 0.014484882354736328
3 0.016403913497924805
3 0.011980056762695312
3 0.010339021682739258
3 0.013630867004394531
3 0.012636899948120117
3 0.011938810348510742
3 0.01702713966369629
3 0.010935068130493164
3 0.008105993270874023
3 0.012233257293701172
3 0.010656118392944336
3 0.010313034057617188
3 0.015336036682128906
3 0.009964942932128906
3 0.01452183723449707
3 0.01133108139038086
3 0.012224674224853516
3 0.014407873153686523
3 0.01378774642944336
3 0.01115107536315918
3 0.013456106185913086
3 0.009968280792236328
3 0.009911060333251953
3 0.0053730010986328125
3 0.007052898406982422
3 0.010129213333129883
3 0.005501985549926758
3 0.012466907501220703
3 0.00995492935180664
3 0.01267099380493164
3 0.0126190185546875
3 0.009831905364990234
3 0.011584758758544922
3 0.009212732315063477
3 0.01708197593688965
3 0.00428009033203125
3 0.014245986938476562
3 0.016567707061767578
3 0.01304173469543457
3 0.010131120681762695
3 0.009213924407958984
3 0.0036330223083496094
3 0.006273984909057617
3 0.010009050369262695
3 0.014663219451904297
3 0.008522987365722656
3 0.014150142669677734
3 0.007426023483276367
3 0.01156306266784668
3 0.01686692237854004
3 0.0040149688720703125
3 0.0090789794921875
3 0.01538991928100586
3 0.010040044784545898
3 0.008414983749389648
3 0.007886886596679688
3 0.017384052276611328
3 0.014075994491577148
3 0.014729976654052734
3 0.007169008255004883
3 0.011295080184936523
3 0.010484933853149414
3 0.012658119201660156
3 0.004763126373291016
3 0.01358485221862793
3 0.011876106262207031
3 0.012849092483520508
3 0.012407064437866211
3 0.011906862258911133
3 0.012152910232543945
3 0.013003110885620117
3 0.012167215347290039
3 0.010164260864257812
3 0.009447097778320312
3 0.011945962905883789
3 0.015465021133422852
3 0.017957210540771484
3 0.0152230262756347664 0.07353496551513672
4 0.05678081512451172
4 0.0803980827331543
4 0.15176105499267578
4 0.12909817695617676
4 0.05895495414733887
4 0.012291908264160156
4 0.021843910217285156
4 0.08249998092651367
4 0.005896806716918945
4 0.14475202560424805
4 0.07297205924987793
4 0.021845102310180664
4 0.04098176956176758
4 0.10507702827453613
4 0.019554853439331055
4 0.005882978439331055
4 0.036895036697387695
4 0.06710195541381836
4 0.011993885040283203
4 0.04167985916137695
4 0.08898520469665527
4 0.10652399063110352
4 0.06627106666564941
4 0.06825590133666992
4 0.12968206405639648
4 0.07841014862060547
4 0.07785511016845703
4 0.14318585395812988
4 0.06697201728820801
4 0.1514430046081543
4 0.08855819702148438
4 0.09089374542236328
4 0.07037782669067383
4 0.014003992080688477
4 0.09051680564880371
4 0.1004941463470459
4 0.09588098526000977
4 0.08380818367004395
4 0.0525209903717041
4 0.11238622665405273
4 0.042532920837402344
4 0.11566710472106934
4 0.017739057540893555
4 0.05671095848083496
4 0.041769981384277344
4 0.06042289733886719
4 0.07831907272338867
4 0.0491182804107666
4 0.07842612266540527
4 0.09576702117919922
4 0.049987077713012695
4 0.129927396774292
4 0.06595420837402344
4 0.0955057144165039
4 0.09948110580444336
4 0.10416197776794434
4 0.08839201927185059
4 0.10251998901367188
4 0.10222411155700684
4 0.061882734298706055
4 0.060925960540771484
4 0.023797035217285156
4 0.10921788215637207
4 0.01851201057434082
4 0.08201026916503906
4 0.07819080352783203
4 0.05124974250793457
4 0.006946086883544922
4 0.06245708465576172
4 0.06943368911743164
4 0.012989997863769531
4 0.10395479202270508
4 0.013242244720458984
4 0.0502011775970459
4 0.05039572715759277
4 0.07578015327453613
4 0.023611068725585938
4 0.03503894805908203
4 0.1836717128753662
4 0.006448984146118164
4 0.08189988136291504
4 0.07614421844482422
4 0.04816389083862305
4 0.07622194290161133
4 0.12309098243713379
4 0.042330026626586914
4 0.005933046340942383
4 0.04848480224609375
4 0.06163287162780762
4 0.1678447723388672
4 0.0322880744934082
4 0.07077789306640625
4 0.0652611255645752
4 0.0670478343963623
4 0.013646125793457031
4 0.07454991340637207
4 0.09314990043640137
4 0.013173818588256836
4 0.176327228546142585 1.124413013458252
5 0.8603231906890869
5 0.698634147644043
5 0.341749906539917
5 0.8464481830596924
5 1.0224978923797607
5 0.7029149532318115
5 0.5232448577880859
5 0.04532194137573242
5 0.5671548843383789
5 0.17084312438964844
5 0.5235130786895752
5 1.0995490550994873
5 0.4404900074005127
5 1.1799259185791016
5 0.5931558609008789
5 0.8015520572662354
5 0.34084606170654297
5 0.4217207431793213
5 1.6776618957519531
5 0.5013687610626221
5 0.3669428825378418
5 0.2179269790649414
5 0.31737399101257324
5 0.6855437755584717
5 0.1251819133758545
5 0.6985878944396973
5 0.6359260082244873
5 0.421109676361084
5 0.663848876953125
5 0.6215040683746338
5 0.2190239429473877
5 0.052597999572753906
5 1.0534000396728516
5 0.5207579135894775
5 0.5091941356658936
5 0.5038158893585205
5 0.6265511512756348
5 0.04422783851623535
5 0.5261609554290771
5 1.7199089527130127
5 0.9176692962646484
5 0.5298018455505371
5 0.6762540340423584
5 0.03610491752624512
5 0.3666398525238037
5 0.32582998275756836
5 1.5546739101409912
5 0.26944899559020996
5 0.4540729522705078
5 0.5322699546813965
5 0.7562351226806641
5 0.595757007598877
5 1.1773779392242432
5 0.4544360637664795
5 0.38371992111206055
5 0.6873400211334229
5 0.5681660175323486
5 0.777519941329956
5 0.5022001266479492
5 0.026098012924194336
5 0.5994899272918701
5 0.06018805503845215
5 0.9146356582641602
5 0.47408318519592285
5 0.6022400856018066
5 0.474825382232666
5 0.3827931880950928
5 1.745954990386963
5 0.959852933883667
5 0.7197108268737793
5 0.38634777069091797
5 0.026905059814453125
5 0.6034319400787354
5 0.8893530368804932
5 0.3820528984069824
5 1.0207486152648926
5 0.8692679405212402
5 1.1185619831085205
5 0.4262669086456299
5 0.5013382434844971
5 0.13704800605773926
5 0.6596179008483887
5 0.9305579662322998
5 0.5142221450805664
5 0.8672633171081543
5 0.19097423553466797
5 0.6018681526184082
5 0.06680178642272949
5 0.8851730823516846
5 0.09603619575500488
5 0.39289093017578125
5 1.041801929473877
5 1.0477828979492188
5 0.4848010540008545
5 0.9417929649353027
5 0.10431694984436035
5 0.6291530132293701
5 0.6305711269378662
5 0.6088399887084961